2023-01-17 13:55:56.1728 AT+LUATCONSOLE=1
2023-01-17 13:55:56.1741 
2023-01-17 13:55:56.1741 ATI
2023-01-17 13:55:56.1751 
2023-01-17 13:55:56.1751 LuatOS-Air_V4018_RDA8910
2023-01-17 13:55:56.1761 
2023-01-17 13:55:56.1761 OK
2023-01-17 13:55:56.1771 AT+LUACHECKSUM=3ef7dddb8b85b7aecb2cca1686b65dea
2023-01-17 13:55:56.1791 
2023-01-17 13:55:56.1791 +LUACHECKSUM: 0
2023-01-17 13:55:56.1801 
2023-01-17 13:55:56.1801 OK
2023-01-17 13:56:06.3910 AT+LUATCONSOLE=1
2023-01-17 13:56:06.3920 
2023-01-17 13:56:09.2320 
2023-01-17 13:56:09.2321 +CPIN: READY
2023-01-17 13:56:09.2382 
2023-01-17 13:56:09.2382 ^CARDMODE: 2
2023-01-17 13:56:11.3647 > [I]-[poweron reason:] 3 FTP 2.0.0 2.4.3 LuatOS-Air_V4018_RDA8910
2023-01-17 13:56:11.3667 [I]-[core build time] Oct 14 2022 15:22:25
2023-01-17 13:56:11.3697 [I]-[ril.proatc] RDY
2023-01-17 13:56:11.3717 [I]-[ril.proatc] +CPIN: READY
2023-01-17 13:56:11.3737 [I]-[ril.proatc] ^CARDMODE: 2
2023-01-17 13:56:11.3747 [I]-[ril.defurc] ^CARDMODE: 2
2023-01-17 13:56:11.3767 [I]-[ril.sendat] ATE0
2023-01-17 13:56:11.3787 [I]-[SIM.subscribe] nil RDY
2023-01-17 13:56:11.3817 [I]-[ril.proatc] ATE0
2023-01-17 13:56:11.3827 [I]-[ril.defurc] ATE0
2023-01-17 13:56:11.3880 
2023-01-17 13:56:11.3880 ^MODE: 17,17
2023-01-17 13:56:11.3880 
2023-01-17 13:56:11.3887 [I]-[ril.proatc] ^MODE: 17,17
2023-01-17 13:56:11.3907 [I]-[net.UpdNetMode] nil 0 17 17
2023-01-17 13:56:11.3917 [I]-[net.NET_UPD_NET_MODE] 4
2023-01-17 13:56:11.4027 [I]-[ril.proatc] OK
2023-01-17 13:56:11.4037 [I]-[ril.defrsp] ATE0 true OK nil
2023-01-17 13:56:11.4067 [I]-[ril.sendat] AT+CMEE=0
2023-01-17 13:56:11.4318 
2023-01-17 13:56:11.4318 *CGEV: ACT,5,"cmiot.mnc004.mcc460.gprs","10.159.22.71"
2023-01-17 13:56:11.4507 [I]-[ril.proatc] *CGEV: ACT,5,"cmiot.mnc004.mcc460.gprs","10.159.22.71"
2023-01-17 13:56:11.4528 [I]-[link.cgevurc] *CGEV: ACT,5,"cmiot.mnc004.mcc460.gprs","10.159.22.71"
2023-01-17 13:56:11.4555 
2023-01-17 13:56:11.4558 +NITZ: 23/01/17,05:56:12+32,0
2023-01-17 13:56:11.4578 [I]-[ril.proatc] +NITZ: 23/01/17,05:56:12+32,0
2023-01-17 13:56:11.4598 [I]-[ril.defurc] +NITZ: 23/01/17,05:56:12+32,0
2023-01-17 13:56:11.4648 [I]-[ril.proatc] OK
2023-01-17 13:56:11.4658 [I]-[ril.defrsp] AT+CMEE=0 true OK nil
2023-01-17 13:56:11.4698 [I]-[ril.sendat] AT+SIMCROSS?
2023-01-17 13:56:11.4938 [I]-[ril.proatc] +SIMCROSS:0
2023-01-17 13:56:11.4958 [I]-[ril.proatc] OK
2023-01-17 13:56:11.4998 [I]-[ril.sendat] AT+COPS?
2023-01-17 13:56:12.9442 
2023-01-17 13:56:12.9442 SMS READY
2023-01-17 13:56:13.1392 [I]-[ril.proatc] +COPS: 0,2,"46000",7
2023-01-17 13:56:13.1402 [I]-[cops] 2 46000 nil
2023-01-17 13:56:13.1432 [I]-[ril.proatc] OK
2023-01-17 13:56:13.1452 [I]-[ril.defrsp] AT+COPS? true OK nil
2023-01-17 13:56:13.1472 [I]-[ril.sendat] AT+CREG=2
2023-01-17 13:56:13.1502 [I]-[ril.proatc] SMS READY
2023-01-17 13:56:13.1522 [I]-[ril.defurc] SMS READY
2023-01-17 13:56:13.1768 [I]-[ril.proatc] OK
2023-01-17 13:56:13.1782 [I]-[ril.defrsp] AT+CREG=2 true OK nil
2023-01-17 13:56:13.1802 [I]-[ril.sendat] AT+CGREG=2
2023-01-17 13:56:13.2042 [I]-[ril.proatc] OK
2023-01-17 13:56:13.2062 [I]-[ril.defrsp] AT+CGREG=2 true OK nil
2023-01-17 13:56:13.2082 [I]-[ril.sendat] AT+CEREG=2
2023-01-17 13:56:13.2322 [I]-[ril.proatc] OK
2023-01-17 13:56:13.2342 [I]-[ril.defrsp] AT+CEREG=2 true OK nil
2023-01-17 13:56:13.2362 [I]-[ril.sendat] AT+CREG?
2023-01-17 13:56:13.2612 [I]-[ril.proatc] +CREG: 2,1,"6356","0c9b1404",7
2023-01-17 13:56:13.2632 [I]-[net.creg1] 4 +CEREG: 
2023-01-17 13:56:13.2665 [I]-[ril.proatc] OK
2023-01-17 13:56:13.2682 [I]-[ril.defrsp] AT+CREG? true OK nil
2023-01-17 13:56:13.2705 [I]-[ril.sendat] AT+CGREG?
2023-01-17 13:56:13.2962 [I]-[ril.proatc] +CGREG: 2,1,"6356","0C9B1404"
2023-01-17 13:56:13.2992 [I]-[net.creg1] 4 +CEREG: 
2023-01-17 13:56:13.3003 [I]-[ril.proatc] OK
2023-01-17 13:56:13.3022 [I]-[ril.defrsp] AT+CGREG? true OK nil
2023-01-17 13:56:13.3042 [I]-[ril.sendat] AT+CEREG?
2023-01-17 13:56:13.3293 [I]-[ril.proatc] +CEREG: 2,1,"6356","0c9b1404",7
2023-01-17 13:56:13.3312 [I]-[net.creg1] 4 +CEREG: 
2023-01-17 13:56:13.3332 [I]-[net.creg7] 1 7
2023-01-17 13:56:13.3342 [I]-[net.UpdNetMode] nil 4 17 17
2023-01-17 13:56:13.3362 [I]-[link.Pdp_Act] false 4 nil
2023-01-17 13:56:13.3402 [I]-[ril.proatc] OK
2023-01-17 13:56:13.3412 [I]-[ril.defrsp] AT+CEREG? true OK nil
2023-01-17 13:56:13.3443 [I]-[ril.sendat] AT+CALIBINFO?
2023-01-17 13:56:13.3692 [I]-[ril.proatc] GSM_CALIBINFO: GSM_afc:0, GSM850_agc:0, GSM850_apc:0, GSM900_agc:0, GSM900_apc:0, DCS1800_agc:0,DCS1800_apc:0,
2023-01-17 13:56:13.3732  PCS1900_agc:0, PCS1900_apc:0, GSM_FT:0, GSM_ANT:0 
2023-01-17 13:56:13.3752 [I]-[ril.proatc] LTE_CALIBINFO: LTE_afc:1, LTE_TDD_agc:1, LTE_TDD_apc:1, LTE_FDD_agc:1, LTE_FDD_apc:1, FINAL_LTE:1, ANT_LTE:0
2023-01-17 13:56:13.3792 [I]-[ril.proatc] OK
2023-01-17 13:56:13.3812 [I]-[ril.defrsp] AT+CALIBINFO? true OK LTE_CALIBINFO: LTE_afc:1, LTE_TDD_agc:1, LTE_TDD_apc:1, LTE_FDD_agc:1, LTE_FDD_apc:1, FI
2023-01-17 13:56:13.3842 NAL_LTE:1, ANT_LTE:0
2023-01-17 13:56:13.3852 [I]-[ril.sendat] AT*BAND?
2023-01-17 13:56:13.4032 [I]-[ril.proatc] ERROR
2023-01-17 13:56:13.4042 [I]-[ril.defrsp] AT*BAND? false ERROR nil
2023-01-17 13:56:13.4073 [I]-[ril.sendat] AT+EEMOPT=1
2023-01-17 13:56:13.4312 [I]-[ril.proatc] OK
2023-01-17 13:56:13.4342 [I]-[ril.sendat] AT+CIND=1
2023-01-17 13:56:13.4593 [I]-[ril.proatc] OK
2023-01-17 13:56:13.4622 [I]-[ril.sendat] AT+RNDISCALL=0,1
2023-01-17 13:56:13.4922 [I]-[ril.proatc] OK
2023-01-17 13:56:13.4952 [I]-[ril.defrsp] AT+RNDISCALL=0,1 true OK nil
2023-01-17 13:56:13.4962 [I]-[ril.sendat] AT+ICCID
2023-01-17 13:56:13.5532 [I]-[ril.proatc] +ICCID: 898607B1192170016603
2023-01-17 13:56:13.5552 [I]-[ril.proatc] OK
2023-01-17 13:56:13.5582 [I]-[ril.sendat] AT+CIMI
2023-01-17 13:56:13.6182 [I]-[ril.proatc] 460041147326555
2023-01-17 13:56:13.6202 [I]-[ril.proatc] OK
2023-01-17 13:56:13.6242 [I]-[ril.sendat] AT+COPS?
2023-01-17 13:56:13.8482 [I]-[ril.proatc] +COPS: 0,2,"46000",7
2023-01-17 13:56:13.8502 [I]-[cops] 2 46000 nil
2023-01-17 13:56:13.8522 [I]-[ril.proatc] OK
2023-01-17 13:56:13.8542 [I]-[ril.defrsp] AT+COPS? true OK nil
2023-01-17 13:56:13.8565 [I]-[ril.sendat] AT+CEREG?
2023-01-17 13:56:13.8812 [I]-[ril.proatc] +CEREG: 2,1,"6356","0c9b1404",7
2023-01-17 13:56:13.8832 [I]-[net.creg1] 4 +CEREG: 
2023-01-17 13:56:13.8842 [I]-[net.creg7] 1 7
2023-01-17 13:56:13.8862 [I]-[net.UpdNetMode] nil 4 17 17
2023-01-17 13:56:13.8882 [I]-[ril.proatc] OK
2023-01-17 13:56:13.8902 [I]-[ril.defrsp] AT+CEREG? true OK nil
2023-01-17 13:56:13.8922 [I]-[ril.sendat] AT+CSQ
2023-01-17 13:56:13.9182 [I]-[ril.proatc] +CSQ: 31,99
2023-01-17 13:56:13.9212 [I]-[ril.proatc] OK
2023-01-17 13:56:13.9242 [I]-[ril.sendat] AT+CESQ
2023-01-17 13:56:13.9492 [I]-[ril.proatc] +CESQ: 99,99,255,255,29,65
2023-01-17 13:56:13.9522 [I]-[ril.proatc] OK
2023-01-17 13:56:13.9552 [I]-[ril.sendat] AT+CSQ
2023-01-17 13:56:13.9802 [I]-[ril.proatc] +CSQ: 31,99
2023-01-17 13:56:13.9832 [I]-[ril.proatc] OK
2023-01-17 13:56:13.9862 [I]-[ril.sendat] AT+CESQ
2023-01-17 13:56:14.0112 [I]-[ril.proatc] +CESQ: 99,99,255,255,29,65
2023-01-17 13:56:14.0142 [I]-[ril.proatc] OK
2023-01-17 13:56:14.0172 [I]-[ril.sendat] AT+CSQ
2023-01-17 13:56:14.0422 [I]-[ril.proatc] +CSQ: 31,99
2023-01-17 13:56:14.0452 [I]-[ril.proatc] OK
2023-01-17 13:56:14.0482 [I]-[ril.sendat] AT+CESQ
2023-01-17 13:56:14.0732 [I]-[ril.proatc] +CESQ: 99,99,255,255,29,65
2023-01-17 13:56:14.0762 [I]-[ril.proatc] OK
2023-01-17 13:56:14.0793 [I]-[ril.sendat] AT+EEMGINFO?
2023-01-17 13:56:14.1042 [I]-[ril.proatc] +EEMGINFO: 3, 2
2023-01-17 13:56:14.1052 [I]-[ril.defurc] +EEMGINFO: 3, 2
2023-01-17 13:56:14.1072 [I]-[ril.proatc] OK
2023-01-17 13:56:14.1092 [I]-[ril.defrsp] AT+EEMGINFO? true OK nil
2023-01-17 13:56:14.1122 [I]-[ril.sendat] AT+CSQ
2023-01-17 13:56:14.1369 [I]-[ril.proatc] +CSQ: 31,99
2023-01-17 13:56:14.1399 [I]-[ril.proatc] OK
2023-01-17 13:56:14.1429 [I]-[ril.sendat] AT+CESQ
2023-01-17 13:56:14.1679 [I]-[ril.proatc] +CESQ: 99,99,255,255,29,65
2023-01-17 13:56:14.1709 [I]-[ril.proatc] OK
2023-01-17 13:56:14.3390 [I]-[link.pdpCmdCnf] SET_PDP_4G_WAITAPN true nil nil
2023-01-17 13:56:15.3421 [I]-[ril.sendat] AT+CGDCONT?
2023-01-17 13:56:15.3681 [I]-[ril.proatc] +CGDCONT: 5,"IP","cmiot","10.159.22.71",0,0
2023-01-17 13:56:15.3711 [I]-[link.pdpCmdCnf] AT+CGDCONT? true OK +CGDCONT: 5,"IP","cmiot","10.159.22.71",0,0
2023-01-17 13:56:15.3731 [I]-[analysis_cgdcont end] +CGDCONT: 5,"IP","cmiot","10.159.22.71",0,0 nil nil
2023-01-17 13:56:15.3761 [I]-[analysis_cgdcont ] 5 "IP" "cmiot" 10.159.22.71
2023-01-17 13:56:15.3781 [I]-[ril.proatc] OK
2023-01-17 13:56:15.3791 [I]-[link.pdpCmdCnf] CONNECT_DELAY true nil nil
2023-01-17 13:56:15.3811 [I]-[publish IP_READY_IND]
2023-01-17 13:56:15.3851 [I]-[socket:connect-coreid,prot,addr,port,cert,timeout] 0 TCP 103.46.128.49 17353 nil 120
2023-01-17 13:56:15.4992 [I]-[socket:on_response:] 0 SOCKET_CONNECT 0
2023-01-17 13:56:15.5012 [I]-[socket:connect: connect ok]
2023-01-17 13:56:17.1107 
2023-01-17 13:56:17.1107 +EEMLTESVC: 1120, 2, 0, 25430, 61, 38950, 38950, 40, 5, 211489796, 2, 65, 30, 35, 65, 30, 65, 30, 65535, 0, 5, 0, 0, 0, 0, 0, 65535, 0, 0, 0
2023-01-17 13:56:17.1122 [I]-[ril.proatc] +EEMLTESVC: 1120, 2, 0, 25430, 61, 38950, 38950, 40, 5, 211489796, 2, 65, 30, 35, 65, 30, 65, 30, 65535, 0, 5,
2023-01-17 13:56:17.1162  0, 0, 0, 0, 0, 65535, 0, 0, 0
2023-01-17 13:56:17.1182 [I]-[eemLteSvc1] 25430 211489796  1120 0
2023-01-17 13:56:17.1192 
2023-01-17 13:56:17.1202 +EEMLTEINTRA:0,0,0,0,0,0,0,0,0
